00021
00022
00023
00024
00025
00026
00056
00147
00158
00294
00344
00414
00415
00764
01731
01732
01733
01734
01735
01738
01739
01740
01741
01742
01743
01744
01745
01746
01747
01748
01750
01751
01752
01753
01754
01755
01756
01758
01761
01762
01763
01766
01770
01771
01773
01774
01775
01777
01780
01781
01782
01783
01784
01789
01790
01792
01793
01794
01795
01796
01797
01799
01802
01803
01804
01806
01807
01808
01809
01810
01811
01812
01814
01815
01816
01818
01819
01820
01821
01822
01823
01824
01825
01826
01827
01828
01829
01830
01831
01834
01835
01836
01840
01842
01843
01844
01845
01850
01851
01855
01856
01860
01862
01863
01864
01865
01866
01867
01868
01869
01870
01871
01873
01874
01875
01877
01880
01881
01883
01884
01885
01886
01887
01888
01889
01890
01891
01893
01894
01895
01896
01899
01900
01901
01903
01904
01907
01908
01909
01910
01911
01913
01917
01920
01922
01923
01924
01926
01927
01928
01929
01930
01931
01932
01935
01936
01937
01940
01941
01942
01943
01944
01946
01947
01948
01949
01951
01952
01953
01955
01956
01957
01958
01960
01961
01962
01964
01965
01966
01967
01968
01969
01970
01971
01975
01976
01977
01978
01980
01982
01984
01985
01986
01987
01990
01991
01995
01996
01997
01998
01999
02002
02007
02008
02009
02010
02011
02012
02013
02015
02016
02017
02019
02020
02021
02023
02024
02027
02028
02029
02031
02034
02043
02044
02048
02049
02053
02054
02059
02063
02067
02072
02073
02076
02078
02082
02087
02088
02089
02099
02104
02108
02114
02118
02119
02130
02136
02137
02141
02142
02145
02147
02151
02152
02156
02157
02161
02166
02167
02171
02175
02176
02177
02181
02187
02192
02193
02208
02212
02217
02222
02232
02233
02237
02247
02248
02252
02256
02257
02261
02262
02266
02270
02271
02275
02284
02289
02290
02293
02302
02303
02307
02308
02312
02313
02314
02319
02323
02327
02331
02332
02336
02340
02346
02350
02351
02355
02356
02361
02370
02371
02376
02380
02385
02394
02395
02399
02403
02404
02408
02414
02416
02420
02425
02426
02430
02431
02435
02440
02441
02445
02446
02450
02451
02456
02460
02461
02465
02471
02475
02476
02481
02485
02486
02490
02491
02495
02500
02501
02505
02510
02511
02515
02516
02521
02525
02534
02540
02544
02547
02549
02550
02554
02559
02560
02574
02580
02584
02585
02590
02594
02595
02600
02605
02618
02622
02632
02640
02645
02646
02659
02664
02669
02674
02675
02684
02689
02690
02694
02695
02699
02700
02709
02719
02720
02724
02729
02734
02738
02752
02756
02760
02765
02766
02775
02776
02780
02785
02795
02800
02808
02813
02814
02818
02828
02833
02844
02849
02854
02863
02864
02868
02869
02874
02878
02879
02883
02884
02893
02897
02898
02902
02903
02907
02921
02922
02926
02931
02937
02941
02945
02959
02965
02993
03003
03008
03012
03017
03018
03022
03023
03028
03033
03037
03038
03046
03051
03052
03062
03071
03072
03076
03087
03092
03096
03109
03115
03120
03129
03133
03138
03139
03153
03164
03168
03169
03173
03174
03178
03179
03184
03188
03189
03193
03198
03199
03204
03217
03218
03223
03227
03232
03237
03246
03256
03257
03262
03266
03276
03281
03286
03291
03296
03301
03302
03306
03307
03311
03316
03317
03335
03340
03346
03350
03351
03355
03360
03365
03379
03380
03385
03389
03390
03394
03395
03404
03405
03410
03414
03424
03425
03430
03434
03439
03440
03444
03445
03449
03450
03454
03460
03465
03469
03474
03484
03489
03493
03499
03503
03504
03509
03514
03519
03527
03532
03536
03537
03541
03542
03546
03547
03551
03552
03556
03557
03561
03562
03566
03578
03600
03667
03681
03686
03691
03695
03701
03750
03770
03774
03779
03824
03829
03885
03894
03924
03925
03939
03949
03964
04000
04009
04019
04024
04044
04055
04078
04094
04098
04118
04143
04149
04154
04214
04218
04219
04229
04244
04248
04274
04279
04284
04293
04304
04314
04338
04353
04373
04378
04383
04389
04393
04408
04438
04448
04464
04473
04474
04484
04508
04509
04513
04528
04534
04542
04567
04582
04583
04595
04600
04606
04611
04631
04635
04650
04655
04656
04661
04681
04690
04716
04750
04765
04780
04809
04815
04844
04859
04884
04885
04904
04929
04959
04963
04989
04999
05054
05068
05073
05098
05099
05103
05118
05154
05169
05203
05208
05229
05243
05273
05278
05304
05329
05339
05344
05348
05349
05353
05374
05378
05394
05408
05424
05434
05444
05459
05473
05499
05573
05604
05633
05639
05683
05688
05704
05718
05734
05739
05798
05818
05832
05858
05892
05902
05912
05913
05938
05948
05981
06047
06081
06090
06091
06100
06105
06106
06126
06136
06161
06186
06201
06225
06226
06230
06236
06241
06245
06261
06276
06291
06296
06305
06315
06336
06341
06342
06347
06356
06362
06371
06386
06395
06426
06435
06436
06450
06471
06485
06495
06511
06541
06575
06585
06600
06609
06635
06645
06650
06684
06695
06704
06710
06714
06715
06734
06768
06769
06783
06784
06788
06789
06799
06809
06814
06823
06829
06834
06853
06864
06884
06888
06914
06929
06939
06953
06970
06976
06977
06982
06996
06997
07002
07011
07021
07022
07032
07036
07047
07052
07062
07067
07082
07091
07112
07113
07127
07142
07162
07181
07196
07202
07206
07211
07212
07221
07226
07227
07241
07247
07262
07272
07277
07302
07356
07357
07361
07362
07367
07376
07377
07387
07392
07396
07402
07426
07431
07447
07457
07466
07472
07477
07482
07507
07512
07517
07556
07562
07572
07577
07582
07586
07597
07602
07617
07636
07637
07662
07672
07681
07701
07746
07757
07771
07782
07787
07791
07807
07816
07817
07826
07831
07832
07872
07877
07882
07897
07922
07936
07942
07947
07951
07957
07961
07976
07982
07986
08011
08012
08016
08022
08027
08037
08101
08106
08136
08142
08146
08147
08161
08162
08167
08177
08181
08217
08227
08232
08242
08251
08252
08256
08267
08271
08282
08291
08292
08326
08341
08346
08347
08352
08357
08377
08382
08411
08417
08421
08422
08442
08452
08456
08467
08481
08487
08506
08512
08522
08532
08552
08567
08572
08612
08626
08652
08656
08696
08702
08706
08707
08731
08756
08762
08776
08796
08806
08807
08812
08827
08837
08852
08881
08882
08896
08906
08926
08937
08947
08967
08976
09027
09031
09032
09052
09057
09067
09077
09086
09097
09111
09116
09137
09146
09161
09167
09172
09182
09187
09192
09196
09207
09211
09217
09222
09252
09262
09267
09271
09277
09282
09297
09321
09357
09367
09372
09377
09386
09392
09397
09426
09436
09437
09442
09457
09467
09477
09522
09542
09557
09566
09582
09592
09602
09606
09617
09646
09652
09657
09687
09692
09697
09711
09721
09722
09732
09807
09817
09841
09851
09871
09886
09892
09911
09922
09927
09947
09952
09982
09987
09991
10007
10011
10012
10017
10042
10047
10052
10076
10097
10101
10107
10117
10122
10132
10137
10157
10187
10257
10267
10271
10272
10281
10302
10382
10397
10401
10406
10411
10412
10427
10442
10462
10482
10491
10502
10507
10511
10531
10536
10542
10567
10577
10592
10607
10617
10637
10642
10662
10667
10671
10682
10686
10687
10702
10726
10746
10752
10763
10767
10772
10783
10817
10833
10857
10878
10883
10892
10897
10913
10922
10923
10968
10987
10992
11012
11013
11018
11023
11033
11043
11048
11068
11073
11078
11093
11157
11158
11167
11168
11188
11197
11222
11228
11237
11242
11243
11262
11263
11282
11283
11313
11338
11358
11397
11402
11417
11423
11428
11443
11502
11517
11518
11528
11532
11562
11563
11572
11577
11578
11583
11593
11597
11602
11603
11608
11613
11642
11647
11652
11673
11682
11683
11688
11693
11742
11753
11772
11778
11797
11803
11822
11827
11832
11842
11872
11883
11897
11907
11918
11938
11943
11963
11973
11988
11997
12027
12043
12048
12057
12062
12068
12077
12078
12088
12092
12117
12118
12132
12133
12138
12143
12148
12158
12187
12198
12207
12213
12222
12228
12243
12253
12297
12302
12332
12338
12342
12343
12348
12367
12403
12423
12427
12453
12463
12467
12468
12487
12488
12513
12518
12523
12528
12557
12558
12562
12563
12568
12572
12583
12587
12602
12603
12612
12617
12623
12648
12673
12678
12697
12738
12777
12793
12818
12827
12868
12878
12902
12908
12923
12928
12938
12942
12962
12982
12983
12987
13032
13033
13043
13068
13092
13097
13098
13103
13127
13148
13152
13168
13173
13178
13227
13228
13252
13253
13258
13263
13292
13303
13317
13323
13358
13362
13372
13373
13387
13388
13392
13393
13417
13428
13437
13438
13452
13483
13498
13503
13527
13537
13553
13563
13573
13578
13597
13633
13643
13647
13673
13682
13688
13692
13698
13707
13713
13722
13773
13797
13802
13863
13868
13888
13903
13907
13908
13912
13918
13923
13948
13953
13958
13968
13972
13973
13977
13993
13998
14003
14013
14014
14015
14016
14017
14021
14022
14026
14027
14031
14032
14036
14037
14041
14042
14046
14047
14051
14052
14056
14057
14090
14110
14185
14225
14249
14265
14270
14280
14290
14300
14305
14325
14365
14384
14429
14430
14440
14489
14540
14559
14604
14754
14774
14824
14854
14864
14916
14917
14918
14919
14920
14921
14922
14923
14924
14925
14926
14927
14928
14929
14930
14931
14932
14937
14942
15007
15027
15091
15092
15137
15171
15367
15382
15387
15468
15469
15470
15471
15472
15473
15474
15475
15476
15477
15487
15541
15581
15626
15652
15731
15757
15767
15772
15852
15856
15891
16003
16004
16005
16006
16007
16008
16009
16010
16011
16012
16013
16014
16015
16016
16017
16018
16019
16020
16021
16022
16023
16024
16025
16026
16027
16028
16029
16030
16031
16032
16033
16034
16035
16036
16037
16038
16039
16040
16041
16042
16043
16044
16045
16046
16047
16048
16049
16050
16051
16052
16053
16054
16055
16056
16057
16058
16059
16060
16061
16062
16063
16064
16065
16066
16067
16068
16069
16070
16071
16072
16073
16074
16075
16076
16077
16078
16079
16080
16081
16082
16083
16118
16263
16323
16437
16452
16457
16553
16603
16617
16713
16747
16792
16852
16872
16892
16897
16927
16958
17078
17163
17172
17197
17222
17232
17253
17298
17303
17313
17322
17347
17428
17432
17503
17508
17622
17707
17708
17717
17722
17767
17817
17902
17903
17983
18063
18088
18097
18102
18113
18158
18188
00021
00022
00023
00024
00025
00026
00056
00147
00158
00294
00344
00414
00415
00764
01731
01732
01733
01734
01735
01738
01739
01740
01741
01742
01743
01744
01745
01746
01747
01748
01750
01751
01752
01753
01754
01755
01756
01758
01761
01762
01763
01766
01770
01771
01773
01774
01775
01777
01780
01781
01782
01783
01784
01789
01790
01792
01793
01794
01795
01796
01797
01799
01802
01803
01804
01806
01807
01808
01809
01810
01811
01812
01814
01815
01816
01818
01819
01820
01821
01822
01823
01824
01825
01826
01827
01828
01829
01830
01831
01834
01835
01836
01840
01842
01843
01844
01845
01850
01851
01855
01856
01860
01862
01863
01864
01865
01866
01867
01868
01869
01870
01871
01873
01874
01875
01877
01880
01881
01883
01884
01885
01886
01887
01888
01889
01890
01891
01893
01894
01895
01896
01899
01900
01901
01903
01904
01907
01908
01909
01910
01911
01913
01917
01920
01922
01923
01924
01926
01927
01928
01929
01930
01931
01932
01935
01936
01937
01940
01941
01942
01943
01944
01946
01947
01948
01949
01951
01952
01953
01955
01956
01957
01958
01960
01961
01962
01964
01965
01966
01967
01968
01969
01970
01971
01975
01976
01977
01978
01980
01982
01984
01985
01986
01987
01990
01991
01995
01996
01997
01998
01999
02002
02007
02008
02009
02010
02011
02012
02013
02015
02016
02017
02019
02020
02021
02023
02024
02027
02028
02029
02031
02034
02043
02044
02048
02049
02053
02054
02059
02063
02067
02072
02073
02076
02078
02082
02087
02088
02089
02099
02104
02108
02114
02118
02119
02130
02136
02137
02141
02142
02145
02147
02151
02152
02156
02157
02161
02166
02167
02171
02175
02176
02177
02181
02187
02192
02193
02208
02212
02217
02222
02232
02233
02237
02247
02248
02252
02256
02257
02261
02262
02266
02270
02271
02275
02284
02289
02290
02293
02302
02303
02307
02308
02312
02313
02314
02319
02323
02327
02331
02332
02336
02340
02346
02350
02351
02355
02356
02361
02370
02371
02376
02380
02385
02394
02395
02399
02403
02404
02408
02414
02416
02420
02425
02426
02430
02431
02435
02440
02441
02445
02446
02450
02451
02456
02460
02461
02465
02471
02475
02476
02481
02485
02486
02490
02491
02495
02500
02501
02505
02510
02511
02515
02516
02521
02525
02534
02540
02544
02547
02549
02550
02554
02559
02560
02574
02580
02584
02585
02590
02594
02595
02600
02605
02618
02622
02632
02640
02645
02646
02659
02664
02669
02674
02675
02684
02689
02690
02694
02695
02699
02700
02709
02719
02720
02724
02729
02734
02738
02752
02756
02760
02765
02766
02775
02776
02780
02785
02795
02800
02808
02813
02814
02818
02828
02833
02844
02849
02854
02863
02864
02868
02869
02874
02878
02879
02883
02884
02893
02897
02898
02902
02903
02907
02921
02922
02926
02931
02937
02941
02945
02959
02965
02993
03003
03008
03012
03017
03018
03022
03023
03028
03033
03037
03038
03046
03051
03052
03062
03071
03072
03076
03087
03092
03096
03109
03115
03120
03129
03133
03138
03139
03153
03164
03168
03169
03173
03174
03178
03179
03184
03188
03189
03193
03198
03199
03204
03217
03218
03223
03227
03232
03237
03246
03256
03257
03262
03266
03276
03281
03286
03291
03296
03301
03302
03306
03307
03311
03316
03317
03335
03340
03346
03350
03351
03355
03360
03365
03379
03380
03385
03389
03390
03394
03395
03404
03405
03410
03414
03424
03425
03430
03434
03439
03440
03444
03445
03449
03450
03454
03460
03465
03469
03474
03484
03489
03493
03499
03503
03504
03509
03514
03519
03527
03532
03536
03537
03541
03542
03546
03547
03551
03552
03556
03557
03561
03562
03566
03578
03600
03667
03681
03686
03691
03695
03701
03750
03770
03774
03779
03824
03829
03885
03894
03924
03925
03939
03949
03964
04000
04009
04019
04024
04044
04055
04078
04094
04098
04118
04143
04149
04154
04214
04218
04219
04229
04244
04248
04274
04279
04284
04293
04304
04314
04338
04353
04373
04378
04383
04389
04393
04408
04438
04448
04464
04473
04474
04484
04508
04509
04513
04528
04534
04542
04567
04582
04583
04595
04600
04606
04611
04631
04635
04650
04655
04656
04661
04681
04690
04716
04750
04765
04780
04809
04815
04844
04859
04884
04885
04904
04929
04959
04963
04989
04999
05054
05068
05073
05098
05099
05103
05118
05154
05169
05203
05208
05229
05243
05273
05278
05304
05329
05339
05344
05348
05349
05353
05374
05378
05394
05408
05424
05434
05444
05459
05473
05499
05573
05604
05633
05639
05683
05688
05704
05718
05734
05739
05798
05818
05832
05858
05892
05902
05912
05913
05938
05948
05981
06047
06081
06090
06091
06100
06105
06106
06126
06136
06161
06186
06201
06225
06226
06230
06236
06241
06245
06261
06276
06291
06296
06305
06315
06336
06341
06342
06347
06356
06362
06371
06386
06395
06426
06435
06436
06450
06471
06485
06495
06511
06541
06575
06585
06600
06609
06635
06645
06650
06684
06695
06704
06710
06714
06715
06734
06768
06769
06783
06784
06788
06789
06799
06809
06814
06823
06829
06834
06853
06864
06884
06888
06914
06929
06939
06953
06970
06976
06977
06982
06996
06997
07002
07011
07021
07022
07032
07036
07047
07052
07062
07067
07082
07091
07112
07113
07127
07142
07162
07181
07196
07202
07206
07211
07212
07221
07226
07227
07241
07247
07262
07272
07277
07302
07356
07357
07361
07362
07367
07376
07377
07387
07392
07396
07402
07426
07431
07447
07457
07466
07472
07477
07482
07507
07512
07517
07556
07562
07572
07577
07582
07586
07597
07602
07617
07636
07637
07662
07672
07681
07701
07746
07757
07771
07782
07787
07791
07807
07816
07817
07826
07831
07832
07872
07877
07882
07897
07922
07936
07942
07947
07951
07957
07961
07976
07982
07986
08011
08012
08016
08022
08027
08037
08101
08106
08136
08142
08146
08147
08161
08162
08167
08177
08181
08217
08227
08232
08242
08251
08252
08256
08267
08271
08282
08291
08292
08326
08341
08346
08347
08352
08357
08377
08382
08411
08417
08421
08422
08442
08452
08456
08467
08481
08487
08506
08512
08522
08532
08552
08567
08572
08612
08626
08652
08656
08696
08702
08706
08707
08731
08756
08762
08776
08796
08806
08807
08812
08827
08837
08852
08881
08882
08896
08906
08926
08937
08947
08967
08976
09027
09031
09032
09052
09057
09067
09077
09086
09097
09111
09116
09137
09146
09161
09167
09172
09182
09187
09192
09196
09207
09211
09217
09222
09252
09262
09267
09271
09277
09282
09297
09321
09357
09367
09372
09377
09386
09392
09397
09426
09436
09437
09442
09457
09467
09477
09522
09542
09557
09566
09582
09592
09602
09606
09617
09646
09652
09657
09687
09692
09697
09711
09721
09722
09732
09807
09817
09841
09851
09871
09886
09892
09911
09922
09927
09947
09952
09982
09987
09991
10007
10011
10012
10017
10042
10047
10052
10076
10097
10101
10107
10117
10122
10132
10137
10157
10187
10257
10267
10271
10272
10281
10302
10382
10397
10401
10406
10411
10412
10427
10442
10462
10482
10491
10502
10507
10511
10531
10536
10542
10567
10577
10592
10607
10617
10637
10642
10662
10667
10671
10682
10686
10687
10702
10726
10746
10752
10763
10767
10772
10783
10817
10833
10857
10878
10883
10892
10897
10913
10922
10923
10968
10987
10992
11012
11013
11018
11023
11033
11043
11048
11068
11073
11078
11093
11157
11158
11167
11168
11188
11197
11222
11228
11237
11242
11243
11262
11263
11282
11283
11313
11338
11358
11397
11402
11417
11423
11428
11443
11502
11517
11518
11528
11532
11562
11563
11572
11577
11578
11583
11593
11597
11602
11603
11608
11613
11642
11647
11652
11673
11682
11683
11688
11693
11742
11753
11772
11778
11797
11803
11822
11827
11832
11842
11872
11883
11897
11907
11918
11938
11943
11963
11973
11988
11997
12027
12043
12048
12057
12062
12068
12077
12078
12088
12092
12117
12118
12132
12133
12138
12143
12148
12158
12187
12198
12207
12213
12222
12228
12243
12253
12297
12302
12332
12338
12342
12343
12348
12367
12403
12423
12427
12453
12463
12467
12468
12487
12488
12513
12518
12523
12528
12557
12558
12562
12563
12568
12572
12583
12587
12602
12603
12612
12617
12623
12648
12673
12678
12697
12738
12777
12793
12818
12827
12868
12878
12902
12908
12923
12928
12938
12942
12962
12982
12983
12987
13032
13033
13043
13068
13092
13097
13098
13103
13127
13148
13152
13168
13173
13178
13227
13228
13252
13253
13258
13263
13292
13303
13317
13323
13358
13362
13372
13373
13387
13388
13392
13393
13417
13428
13437
13438
13452
13483
13498
13503
13527
13537
13553
13563
13573
13578
13597
13633
13643
13647
13673
13682
13688
13692
13698
13707
13713
13722
13773
13797
13802
13863
13868
13888
13903
13907
13908
13912
13918
13923
13948
13953
13958
13968
13972
13973
13977
13993
13998
14003
14013
14014
14015
14016
14017
14021
14022
14026
14027
14031
14032
14036
14037
14041
14042
14046
14047
14051
14052
14056
14057
14090
14110
14185
14225
14249
14265
14270
14280
14290
14300
14305
14325
14365
14384
14429
14430
14440
14489
14540
14559
14604
14754
14774
14824
14854
14864
14916
14917
14918
14919
14920
14921
14922
14923
14924
14925
14926
14927
14928
14929
14930
14931
14932
14937
14942
15007
15027
15091
15092
15137
15171
15367
15382
15387
15468
15469
15470
15471
15472
15473
15474
15475
15476
15477
15487
15541
15581
15626
15652
15731
15757
15767
15772
15852
15856
15891
16003
16004
16005
16006
16007
16008
16009
16010
16011
16012
16013
16014
16015
16016
16017
16018
16019
16020
16021
16022
16023
16024
16025
16026
16027
16028
16029
16030
16031
16032
16033
16034
16035
16036
16037
16038
16039
16040
16041
16042
16043
16044
16045
16046
16047
16048
16049
16050
16051
16052
16053
16054
16055
16056
16057
16058
16059
16060
16061
16062
16063
16064
16065
16066
16067
16068
16069
16070
16071
16072
16073
16074
16075
16076
16077
16078
16079
16080
16081
16082
16083
16118
16263
16323
16437
16452
16457
16553
16603
16617
16713
16747
16792
16852
16872
16892
16897
16927
16958
17078
17163
17172
17197
17222
17232
17253
17298
17303
17313
17322
17347
17428
17432
17503
17508
17622
17707
17708
17717
17722
17767
17817
17902
17903
17983
18063
18088
18097
18102
18113
18158
18188
00021
00022
00023
00024
00025
00026
00056
00147
00158
00294
00344
00414
00415
00764
01731
01732
01733
01734
01735
01738
01739
01740
01741
01742
01743
01744
01745
01746
01747
01748
01750
01751
01752
01753
01754
01755
01756
01758
01761
01762
01763
01766
01770
01771
01773
01774
01775
01777
01780
01781
01782
01783
01784
01789
01790
01792
01793
01794
01795
01796
01797
01799
01802
01803
01804
01806
01807
01808
01809
01810
01811
01812
01814
01815
01816
01818
01819
01820
01821
01822
01823
01824
01825
01826
01827
01828
01829
01830
01831
01834
01835
01836
01840
01842
01843
01844
01845
01850
01851
01855
01856
01860
01862
01863
01864
01865
01866
01867
01868
01869
01870
01871
01873
01874
01875
01877
01880
01881
01883
01884
01885
01886
01887
01888
01889
01890
01891
01893
01894
01895
01896
01899
01900
01901
01903
01904
01907
01908
01909
01910
01911
01913
01917
01920
01922
01923
01924
01926
01927
01928
01929
01930
01931
01932
01935
01936
01937
01940
01941
01942
01943
01944
01946
01947
01948
01949
01951
01952
01953
01955
01956
01957
01958
01960
01961
01962
01964
01965
01966
01967
01968
01969
01970
01971
01975
01976
01977
01978
01980
01982
01984
01985
01986
01987
01990
01991
01995
01996
01997
01998
01999
02002
02007
02008
02009
02010
02011
02012
02013
02015
02016
02017
02019
02020
02021
02023
02024
02027
02028
02029
02031
02034
02043
02044
02048
02049
02053
02054
02059
02063
02067
02072
02073
02076
02078
02082
02087
02088
02089
02099
02104
02108
02114
02118
02119
02130
02136
02137
02141
02142
02145
02147
02151
02152
02156
02157
02161
02166
02167
02171
02175
02176
02177
02181
02187
02192
02193
02208
02212
02217
02222
02232
02233
02237
02247
02248
02252
02256
02257
02261
02262
02266
02270
02271
02275
02284
02289
02290
02293
02302
02303
02307
02308
02312
02313
02314
02319
02323
02327
02331
02332
02336
02340
02346
02350
02351
02355
02356
02361
02370
02371
02376
02380
02385
02394
02395
02399
02403
02404
02408
02414
02416
02420
02425
02426
02430
02431
02435
02440
02441
02445
02446
02450
02451
02456
02460
02461
02465
02471
02475
02476
02481
02485
02486
02490
02491
02495
02500
02501
02505
02510
02511
02515
02516
02521
02525
02534
02540
02544
02547
02549
02550
02554
02559
02560
02574
02580
02584
02585
02590
02594
02595
02600
02605
02618
02622
02632
02640
02645
02646
02659
02664
02669
02674
02675
02684
02689
02690
02694
02695
02699
02700
02709
02719
02720
02724
02729
02734
02738
02752
02756
02760
02765
02766
02775
02776
02780
02785
02795
02800
02808
02813
02814
02818
02828
02833
02844
02849
02854
02863
02864
02868
02869
02874
02878
02879
02883
02884
02893
02897
02898
02902
02903
02907
02921
02922
02926
02931
02937
02941
02945
02959
02965
02993
03003
03008
03012
03017
03018
03022
03023
03028
03033
03037
03038
03046
03051
03052
03062
03071
03072
03076
03087
03092
03096
03109
03115
03120
03129
03133
03138
03139
03153
03164
03168
03169
03173
03174
03178
03179
03184
03188
03189
03193
03198
03199
03204
03217
03218
03223
03227
03232
03237
03246
03256
03257
03262
03266
03276
03281
03286
03291
03296
03301
03302
03306
03307
03311
03316
03317
03335
03340
03346
03350
03351
03355
03360
03365
03379
03380
03385
03389
03390
03394
03395
03404
03405
03410
03414
03424
03425
03430
03434
03439
03440
03444
03445
03449
03450
03454
03460
03465
03469
03474
03484
03489
03493
03499
03503
03504
03509
03514
03519
03527
03532
03536
03537
03541
03542
03546
03547
03551
03552
03556
03557
03561
03562
03566
03578
03600
03667
03681
03686
03691
03695
03701
03750
03770
03774
03779
03824
03829
03885
03894
03924
03925
03939
03949
03964
04000
04009
04019
04024
04044
04055
04078
04094
04098
04118
04143
04149
04154
04214
04218
04219
04229
04244
04248
04274
04279
04284
04293
04304
04314
04338
04353
04373
04378
04383
04389
04393
04408
04438
04448
04464
04473
04474
04484
04508
04509
04513
04528
04534
04542
04567
04582
04583
04595
04600
04606
04611
04631
04635
04650
04655
04656
04661
04681
04690
04716
04750
04765
04780
04809
04815
04844
04859
04884
04885
04904
04929
04959
04963
04989
04999
05054
05068
05073
05098
05099
05103
05118
05154
05169
05203
05208
05229
05243
05273
05278
05304
05329
05339
05344
05348
05349
05353
05374
05378
05394
05408
05424
05434
05444
05459
05473
05499
05573
05604
05633
05639
05683
05688
05704
05718
05734
05739
05798
05818
05832
05858
05892
05902
05912
05913
05938
05948
05981
06047
06081
06090
06091
06100
06105
06106
06126
06136
06161
06186
06201
06225
06226
06230
06236
06241
06245
06261
06276
06291
06296
06305
06315
06336
06341
06342
06347
06356
06362
06371
06386
06395
06426
06435
06436
06450
06471
06485
06495
06511
06541
06575
06585
06600
06609
06635
06645
06650
06684
06695
06704
06710
06714
06715
06734
06768
06769
06783
06784
06788
06789
06799
06809
06814
06823
06829
06834
06853
06864
06884
06888
06914
06929
06939
06953
06970
06976
06977
06982
06996
06997
07002
07011
07021
07022
07032
07036
07047
07052
07062
07067
07082
07091
07112
07113
07127
07142
07162
07181
07196
07202
07206
07211
07212
07221
07226
07227
07241
07247
07262
07272
07277
07302
07356
07357
07361
07362
07367
07376
07377
07387
07392
07396
07402
07426
07431
07447
07457
07466
07472
07477
07482
07507
07512
07517
07556
07562
07572
07577
07582
07586
07597
07602
07617
07636
07637
07662
07672
07681
07701
07746
07757
07771
07782
07787
07791
07807
07816
07817
07826
07831
07832
07872
07877
07882
07897
07922
07936
07942
07947
07951
07957
07961
07976
07982
07986
08011
08012
08016
08022
08027
08037
08101
08106
08136
08142
08146
08147
08161
08162
08167
08177
08181
08217
08227
08232
08242
08251
08252
08256
08267
08271
08282
08291
08292
08326
08341
08346
08347
08352
08357
08377
08382
08411
08417
08421
08422
08442
08452
08456
08467
08481
08487
08506
08512
08522
08532
08552
08567
08572
08612
08626
08652
08656
08696
08702
08706
08707
08731
08756
08762
08776
08796
08806
08807
08812
08827
08837
08852
08881
08882
08896
08906
08926
08937
08947
08967
08976
09027
09031
09032
09052
09057
09067
09077
09086
09097
09111
09116
09137
09146
09161
09167
09172
09182
09187
09192
09196
09207
09211
09217
09222
09252
09262
09267
09271
09277
09282
09297
09321
09357
09367
09372
09377
09386
09392
09397
09426
09436
09437
09442
09457
09467
09477
09522
09542
09557
09566
09582
09592
09602
09606
09617
09646
09652
09657
09687
09692
09697
09711
09721
09722
09732
09807
09817
09841
09851
09871
09886
09892
09911
09922
09927
09947
09952
09982
09987
09991
10007
10011
10012
10017
10042
10047
10052
10076
10097
10101
10107
10117
10122
10132
10137
10157
10187
10257
10267
10271
10272
10281
10302
10382
10397
10401
10406
10411
10412
10427
10442
10462
10482
10491
10502
10507
10511
10531
10536
10542
10567
10577
10592
10607
10617
10637
10642
10662
10667
10671
10682
10686
10687
10702
10726
10746
10752
10763
10767
10772
10783
10817
10833
10857
10878
10883
10892
10897
10913
10922
10923
10968
10987
10992
11012
11013
11018
11023
11033
11043
11048
11068
11073
11078
11093
11157
11158
11167
11168
11188
11197
11222
11228
11237
11242
11243
11262
11263
11282
11283
11313
11338
11358
11397
11402
11417
11423
11428
11443
11502
11517
11518
11528
11532
11562
11563
11572
11577
11578
11583
11593
11597
11602
11603
11608
11613
11642
11647
11652
11673
11682
11683
11688
11693
11742
11753
11772
11778
11797
11803
11822
11827
11832
11842
11872
11883
11897
11907
11918
11938
11943
11963
11973
11988
11997
12027
12043
12048
12057
12062
12068
12077
12078
12088
12092
12117
12118
12132
12133
12138
12143
12148
12158
12187
12198
12207
12213
12222
12228
12243
12253
12297
12302
12332
12338
12342
12343
12348
12367
12403
12423
12427
12453
12463
12467
12468
12487
12488
12513
12518
12523
12528
12557
12558
12562
12563
12568
12572
12583
12587
12602
12603
12612
12617
12623
12648
12673
12678
12697
12738
12777
12793
12818
12827
12868
12878
12902
12908
12923
12928
12938
12942
12962
12982
12983
12987
13032
13033
13043
13068
13092
13097
13098
13103
13127
13148
13152
13168
13173
13178
13227
13228
13252
13253
13258
13263
13292
13303
13317
13323
13358
13362
13372
13373
13387
13388
13392
13393
13417
13428
13437
13438
13452
13483
13498
13503
13527
13537
13553
13563
13573
13578
13597
13633
13643
13647
13673
13682
13688
13692
13698
13707
13713
13722
13773
13797
13802
13863
13868
13888
13903
13907
13908
13912
13918
13923
13948
13953
13958
13968
13972
13973
13977
13993
13998
14003
14013
14014
14015
14016
14017
14021
14022
14026
14027
14031
14032
14036
14037
14041
14042
14046
14047
14051
14052
14056
14057
14090
14110
14185
14225
14249
14265
14270
14280
14290
14300
14305
14325
14365
14384
14429
14430
14440
14489
14540
14559
14604
14754
14774
14824
14854
14864
14916
14917
14918
14919
14920
14921
14922
14923
14924
14925
14926
14927
14928
14929
14930
14931
14932
14937
14942
15007
15027
15091
15092
15137
15171
15367
15382
15387
15468
15469
15470
15471
15472
15473
15474
15475
15476
15477
15487
15541
15581
15626
15652
15731
15757
15767
15772
15852
15856
15891
16003
16004
16005
16006
16007
16008
16009
16010
16011
16012
16013
16014
16015
16016
16017
16018
16019
16020
16021
16022
16023
16024
16025
16026
16027
16028
16029
16030
16031
16032
16033
16034
16035
16036
16037
16038
16039
16040
16041
16042
16043
16044
16045
16046
16047
16048
16049
16050
16051
16052
16053
16054
16055
16056
16057
16058
16059
16060
16061
16062
16063
16064
16065
16066
16067
16068
16069
16070
16071
16072
16073
16074
16075
16076
16077
16078
16079
16080
16081
16082
16083
16118
16263
16323
16437
16452
16457
16553
16603
16617
16713
16747
16792
16852
16872
16892
16897
16927
16958
17078
17163
17172
17197
17222
17232
17253
17298
17303
17313
17322
17347
17428
17432
17503
17508
17622
17707
17708
17717
17722
17767
17817
17902
17903
17983
18063
18088
18097
18102
18113
18158
18188
