2762
2763
2764
2765
2766
2767
2768
2769
2770
2771
2772
2773
2774
2775
2776
2777
2778
2779
2780
2781
2782
2783
2784
2785
2786
2787
2788
2789
2790
2791
2792
2793
2794
2795
2796
2797
2798
2799
2800
2801
2802
2803
2804
2805
2806
2807
2808
2809
2810
2811
2812
2813
2814
2815
2816
2817
2818
2819
2820
2821
2822
2823
2824
2825
2826
2827
2828
2829
2830
2831
2832
2833
2882
2883
2884
2885
2886
2887
2922
2924
2925
2927
2928
2930
2931
2933
2934
3006
3008
3009
3011
3012
3014
3015
3017
3018
3063
3065
3066
3068
3069
3071
3072
3074
3075
3105
3107
3108
3110
3111
3113
3114
3116
3117
3141
3143
3144
3146
3147
3149
3150
3152
3154
3200
3202
3203
3205
3206
3208
3209
3211
3212
3249
3251
3252
3254
3255
3257
3258
3260
3261
3296
3298
3299
3301
3302
3304
3305
3307
3308
3347
3349
3350
3352
3353
3355
3356
3358
3359
3389
3391
3392
3394
3395
3397
3398
3400
3401
3457
3459
3460
3462
3463
3465
3466
3468
3469
3527
3529
3530
3532
3533
3535
3536
3546
3547
3573
3575
3576
3578
3579
3581
3582
3584
3585
3624
3626
3627
3629
3630
3632
3646
3648
3649
3688
3690
3691
3693
3694
3696
3697
3699
3700
3735
3737
3738
3740
3776
3778
3779
3781
3814
3816
3817
3819
3897
3899
3900
3902
3936
3938
3939
3941
3987
3989
3990
3992
4027
4029
4030
4032
4097
4100
4101
4103
4157
4159
4164
4166
4237
4241
4242
4244
4307
4309
4310
4313
4384
4386
4387
4389
4443
4445
4446
4448
4507
4509
4510
4512
4557
4559
4560
4562
4607
4609
4611
4613
4688
4690
4691
4693
4703
4705
4706
4708
4724
4726
4727
4729
4740
4742
4743
4745
4756
4758
4759
4761
4771
4773
4774
4776
4792
4794
4795
4797
4807
4809
4810
4812
4823
4825
4827
4829
4838
4840
4841
4844
4855
4857
4858
4860
4872
4874
4875
4877
4921
4923
4924
4926
4948
4950
4951
4955
5001
5003
5004
5006
5061
5063
5064
5066
5107
5111
5112
5114
5162
5164
5165
5167
5196
5198
5199
5201
5242
5244
5245
5247
5287
5289
5290
5292
5336
5338
5339
5342
5378
5380
5381
5384
5409
5411
5412
5414
5449
5451
5452
5454
5478
5480
5481
5483
5519
5521
5523
5526
5582
5584
5585
5587
5637
5639
5640
5642
5683
5685
5686
5688
5738
5740
5741
5743
5781
5783
5784
5786
5814
5816
5817
5819
5850
5852
5853
5855
5896
5900
5901
5903
5937
5939
5940
5942
5966
5968
5969
5971
5997
6000
6001
6003
6057
6059
6060
6062
6101
6103
6104
6106
6151
6153
6154
6156
6182
6184
6185
6187
6223
6225
6226
6228
6267
6269
6270
6272
6305
6307
6308
6310
6333
6335
6336
6338
6366
6368
6369
6371
6402
6404
6405
6407
6420
6422
6423
6425
6470
6472
6473
6475
6503
6505
6506
6508
6542
6544
6545
6547
6575
6577
6578
6580
6592
6594
6595
6597
6641
6643
6644
6646
6686
6688
6689
6691
6738
6740
6741
6743
6786
6788
6789
6791
6822
6824
6825
6827
6859
6861
6862
6864
6886
6888
6889
6891
6919
6921
6922
6924
6953
6955
6956
6958
6998
7000
7001
7003
7009
7011
7012
7014
7034
7036
7037
7039
7072
7074
7075
7077
7112
7114
7115
7117
7169
7171
7172
7175
7232
7237
7243
7248
7301
7303
7305
7308
7344
7347
7349
7352
7411
7414
7415
7417
7475
7478
7480
7483
7500
7503
7505
7508
7526
7529
7531
7534
7547
7550
7552
7555
7579
7582
7584
7586
7603
7606
7608
7611
7636
7639
7641
7643
7660
7663
7665
7668
7690
7692
7694
7697
7719
7721
7723
7726
7749
7752
7754
7756
7775
7778
7780
7783
7802
7804
7806
7809
7830
7833
7834
7838
7860
7863
7864
7867
7891
7894
7895
7898
7920
7922
7924
7927
7949
7952
7954
7957
7976
7979
7982
7985
8014
8017
8019
8022
8044
8047
8049
8052
8070
8073
8075
8078
8100
8103
8105
8107
8127
8129
8131
8133
8152
8155
8156
8159
8181
8184
8186
8188
8211
8214
8216
8218
8241
8244
8245
8248
8269
8272
8274
8276
8301
8304
8305
8307
8324
8327
8328
8331
8351
8354
8356
8359
8378
8381
8382
8385
8407
8410
8412
8414
8436
8438
8440
8443
8463
8466
8467
8470
8492
8495
8497
8499
8527
8529
8530
8532
8571
8573
8574
8577
8597
8600
8601
8676
8678
8679
8680
8681
8682
8683
8684
8685
8686
8687
8688
8689
8690
8691
8692
8693
8694
8695
8696
8697
8698
8699
8700
8701
8702
8720
8722
8724
8726
8747
8750
8751
8753
8773
8776
8777
8779
8801
8804
8805
8807
8826
8828
8829
8831
8851
8854
8855
8857
8882
8885
8887
8890
8912
8915
8916
8918
8936
8939
8941
8944
8968
8971
8973
8976
8998
9000
9002
9004
9027
9029
9031
9033
9071
9074
9075
9077
9102
9105
9107
9109
9130
9133
9135
9138
9164
9167
9169
9172
9208
9211
9213
9216
9238
9240
9242
9245
9271
9274
9275
9277
9307
9309
9310
9313
9339
9341
9342
9344
9370
9373
9374
9377
9409
9412
9414
9417
9444
9447
9449
9452
9476
9479
9480
9482
9505
9507
9509
9512
9542
9545
9547
9550
9577
9579
9581
9584
9610
9612
9614
9617
9642
9645
9647
9650
9676
9679
9680
9683
9704
9707
9708
9711
9743
9745
9746
9749
9774
9777
9778
9780
9804
9807
9809
9811
9842
9845
9850
9853
9875
9878
9881
9885
9923
9928
9930
9933
9956
9959
9961
9964
9995
9998
10000
10003
10033
10036
10037
10040
10074
10077
10079
10081
10105
10108
10110
10113
10150
10153
10155
10158
10185
10188
10189
10192
10217
10219
10220
10223
10256
10258
10260
10263
10296
10298
10300
10303
10334
10336
10339
10342
10370
10373
10375
10379
10412
10414
10417
10420
10448
10450
10452
10455
10489
10492
10494
10497
10528
10530
10532
10535
10560
10563
10565
10568
10594
10597
10599
10601
10631
10633
10634
10637
10668
10670
10671
10674
10699
10702
10704
10707
10734
10737
10739
10742
10775
10778
10779
10781
10815
10818
10820
10822
10851
10853
10855
10858
10886
10889
10890
10893
10921
10924
10926
10928
10961
10964
10966
10969
10990
10992
10994
10996
11016
11018
11019
11022
11050
11053
11055
11058
11079
11082
11084
11087
11114
11117
11118
11120
11145
11147
11149
11152
11184
11187
11189
11192
11217
11220
11222
11224
11248
11251
11253
11256
11281
11283
11285
11287
11315
11318
11319
11322
11347
11350
11351
11353
11389
11392
11394
11396
11437
11440
11442
11445
11494
11498
11500
11504
11566
11569
11572
11575
11622
11625
11627
11631
11678
11682
11685
11689
11731
11734
11736
11740
11789
11793
11796
11800
11845
11849
11851
11854
11899
11901
11903
11906
11932
11934
11936
11938
11970
11972
11973
11976
12005
12008
12010
12013
12047
12049
12051
12054
12083
12086
12088
12091
12123
12125
12127
12130
12157
12159
12160
12163
12196
12198
12200
12203
12234
12237
12244
12247
12277
12280
12281
12284
12311
12314
12316
12318
12352
12355
12357
12360
12387
12389
12390
12392
12423
12426
12428
12431
12463
12466
12468
12471
12500
12503
12505
12508
12534
12537
12539
12542
12567
12570
12572
12575
12605
12607
12609
12612
12647
12649
12650
12653
12685
12688
12690
12692
12811
12812
12817
12835
12843
12849
12882
12890
12904
12932
12940
12949
12979
12986
12992
13023
13031
13039
13074
13082
13090
13112
13117
13124
13148
13154
13163
13206
13213
13222
13254
13262
13271
13304
13311
13318
13348
13357
13367
13392
13401
13410
13451
13459
13468
13497
13505
13511
13545
13555
13565
13595
13603
13609
13650
13658
13668
13695
13703
13713
13747
13755
13772
13797
13804
13814
13842
13850
13862
13886
13896
13907
13932
13940
13949
13969
13976
13985
14010
14019
14027
14048
14056
14063
14096
14105
14117
14134
14145
14152
14183
14192
14206
14233
14243
14250
14277
14286
14294
14318
14325
14333
14364
14373
14380
14406
14415
14423
14441
14450
14461
14477
14486
14500
14517
14526
14536
14552
14558
14566
14590
14596
14603
14614
14619
14623
14639
14645
14649
14663
14668
14676
14694
14702
14710
14723
14729
14735
14770
14776
14784
14796
14801
14810
14826
14832
14839
14939
14945
14962
14988
14993
15010
15133
15139
15150
15182
15187
15200
15242
15247
15263
15296
15301
15313
15342
15347
15359
15386
15391
15403
15467
15472
15487
15518
15523
15538
15575
15580
15593
15620
15625
15643
15679
15684
15696
15727
15732
15745
15794
15800
15815
15853
15861
15870
15898
15903
15913
15935
15942
15955
15981
15991
16002
16021
16034
16044
16084
16094
16104
16129
16135
16147
16172
16178
16189
16214
16220
16230
16251
16256
16270
16293
16299
16311
16373
16379
16388
16409
16414
16423
16450
16456
16467
16491
16498
16508
16530
16536
16544
16563
16568
16577
16640
16646
16656
16685
16691
16700
16727
16733
16743
16766
16772
16785
16820
16827
16835
16858
16865
16874
16897
16903
16911
16937
16946
16960
16980
16986
16996
17020
17026
17036
17061
17068
17078
17099
17104
17112
17139
17145
17157
17186
17193
17203
17224
17229
17237
17263
17269
17281
17307
17313
17322
17343
17349
17358
17378
17383
17395
17420
17427
17437
17487
17494
17506
17557
17567
17582
17629
17637
17648
17668
17674
17683
17723
17730
17743
17770
17777
17787
17809
17815
17824
17844
17850
17859
17880
17886
17897
17937
17942
17951
17976
17984
17993
18022
18028
18041
18064
18071
18082
18104
18112
18122
18139
18147
18155
18178
18185
18193
18264
18274
18308
18348
18359
18374
18415
18427
18442
18459
18460
18480
18491
18507
18635
18649
18666
18703
18715
18732
18781
18794
18811
18854
18867
18893
18936
18950
18980
19016
19031
19046
19086
19100
19115
19148
19161
19175
19205
19219
19235
19279
19292
19306
19336
19349
19368
19399
19414
19432
19466
19482
19497
19527
19540
19559
19598
19615
19632
19665
19678
19699
19733
19746
19759
19791
19803
19824
19857
19872
19888
19928
19941
19954
19983
19996
20014
20052
20065
20083
20113
20127
20144
20179
20193
20206
20235
20248
20264
20314
20329
20345
20378
20391
20404
20444
20460
20475
20509
20522
20536
20567
20581
20597
20628
20641
20655
20698
20714
20731
20768
20783
20796
20832
20845
20862
20890
20906
20921
20961
20978
20992
21023
21039
21052
21085
21099
21113
21141
21156
21170
21201
21215
21236
21268
21283
21301
21336
21350
21367
21401
21416
21429
21463
21477
21497
21543
21558
21575
21616
21630
21647
21684
21699
21716
21757
21772
21795
21830
21844
21864
21904
21918
21936
21993
22008
22027
22111
22125
22143
22179
22193
22207
22241
22257
22271
22303
22317
22331
22367
22381
22398
22432
22447
22467
22507
22520
22535
22571
22585
22599
22640
22654
22674
22732
22746
22762
22911
22926
22944
23004
23018
23037
23104
23121
23146
23207
23221
23236
23279
23295
23312
23357
23371
23386
23429
23445
23466
23532
23546
23561
23607
23622
23641
24230
24334
24335
24336
24337
24338
24339
24340
24467
24468
24469
24470
24471
24474
24475
24476
24477
24480
24485
24486
24487
24488
24489
24490
24493
24497
24499
24506
24525
24530
24534
24541
24547
24552
24555
24558
24561
24564
24567
24568
24569
24571
24577
24580
24583
24586
24592
24596
24597
24601
24602
24626
24630
24633
24637
24641
24650
24653
24656
24659
24666
24671
24680
24682
24685
24709
24712
24721
24737
24742
24755
24762
24768
24775
24783
24786
24793
24797
24806
24813
24817
24820
24822
24827
24858
24870
24883
24903
24908
24917
24922
24929
24934
24936
24939
24942
24949
24953
24957
24967
24980
24985
24999
25004
25007
25015
25019
25022
25023
25030
25033
25038
25046
25057
25070
25075
25085
25087
25091
25095
25098
25101
25106
25110
25123
25131
25134
25137
25142
25157
25160
25163
25169
25174
25177
25179
25195
25207
25216
25220
25225
25229
25241
25248
25252
25256
25260
25295
25310
25315
25322
25326
25329
25337
25340
25344
25353
25355
25357
25361
25369
25382
25388
25393
25398
25402
25421
25423
25429
25432
25436
25446
25448
25459
25479
25482
25485
25495
25500
25504
25511
25522
25531
25548
25554
25559
25564
25568
25585
25587
25590
25595
25598
25601
25604
25610
25627
25632
25637
25646
25653
25656
25659
25662
25673
25679
25698
25709
25712
25717
25724
25730
25739
25742
25747
25755
25758
25763
25767
25770
25773
25774
25777
25787
25794
25801
25809
25819
25832
25840
25846
25847
25850
25857
25861
25878
25892
25900
25909
25912
25918
25925
25930
25933
25940
25953
25963
25973
25992
25995
26000
26001
26005
26007
26011
26012
26017
26023
26055
26061
26064
26067
26076
26080
26081
26084
26089
26123
26134
26147
26158
26162
26172
26175
26178
26197
26198
26202
26204
26209
26214
26221
26234
26238
26243
26247
26251
26254
26257
26264
26267
26272
26273
26288
26300
26304
26309
26319
26331
26341
26344
26348
26359
26395
26402
26405
26412
26419
26440
26449
26452
26456
26461
26469
26472
26476
26479
26482
26490
26496
26498
26500
26505
26512
26520
26530
26550
26555
26570
26575
26577
26580
26598
26606
26609
26615
26619
26640
26642
26649
26669
26677
26681
26684
26687
26691
26699
26702
26707
26710
26712
26722
26723
26728
26739
26746
26761
26772
26776
26785
26788
26789
26790
26792
26793
26798
26808
26820
26823
26830
26834
26841
26856
26859
26863
26867
26873
26892
26898
26910
26920
26925
26930
26934
26936
26939
26941
26969
26975
26987
26990
26993
26997
27009
27012
27018
27025
27030
27035
27037
27061
27072
27074
27078
27082
27085
27090
27094
27098
27115
27127
27141
27144
27147
27158
27163
27167
27173
27176
27179
27183
27186
27191
27214
27219
27223
27229
27234
27244
27249
27252
27259
27273
27286
27289
27292
27295
27309
27315
27320
27323
27331
27332
27344
27352
27359
27379
27382
27387
27398
27401
27404
27409
27412
27415
27416
27422
27425
27441
27474
27493
27496
27499
27502
27506
27511
27515
27520
27523
27535
27542
27555
27559
27564
27577
27585
27589
27592
27604
27611
27622
27625
27629
27634
27637
27648
27655
27671
27673
27674
27678
27683
27689
27700
27717
27724
27735
27742
27745
27748
27750
27753
27754
27786
27791
27795
27801
27806
27809
27814
27826
27827
27830
27836
27863
27872
27880
27885
27888
27892
27901
27903
27929
27958
27963
27973
27976
27990
27992
27995
27996
27998
28001
28006
28035
28045
28057
28062
28070
28076
28078
28080
28102
28115
28124
28127
28131
28134
28143
28150
28156
28161
28181
28184
28188
28191
28211
28216
28219
28221
28223
28224
28226
28233
28240
28253
28258
28269
28275
28280
28289
28294
28296
28298
28323
28326
28329
28332
28336
28353
28357
28360
28363
28366
28371
28373
28375
28389
28396
28403
28406
28412
28416
28424
28433
28438
28449
28460
28467
28474
28480
28485
28492
28509
28516
28521
28524
28527
28538
28545
28552
28557
28561
28570
28584
28587
28592
28594
28596
28599
28602
28605
28629
28634
28639
28656
28659
28662
28665
28669
28672
28675
28678
28681
28683
28685
28688
28694
28701
28712
28715
28720
28733
28736
28739
28746
28749
28756
28760
28764
28770
28777
28785
28800
28806
28811
28815
28825
28831
28835
28838
28839
28841
28844
28850
28863
28874
28880
28884
28898
28901
28903
28907
28911
28939
28960
28971
28980
28988
28996
29024
29038
29041
29044
29047
29053
29060
29063
29066
29069
29076
29082
29083
29085
29088
29106
29112
29116
29126
29135
29138
29143
29148
29151
29164
29181
29192
29195
29198
29202
29211
29218
29221
29226
29235
29237
29240
29247
29264
29268
29273
29294
29297
29304
29309
29318
29321
29328
29336
29339
29340
29342
29344
29352
29364
29371
29379
29388
29393
29402
29408
29411
29416
29419
29422
29423
29425
29428
29448
29456
29462
29465
29469
29473
29478
29481
29487
29493
29494
29500
29510
29529
29532
29535
29538
29542
29552
29555
29565
29566
29569
29572
29581
29600
29603
29611
29619
29622
29629
29633
29641
29644
29648
29654
29691
29700
29703
29710
29713
29722
29726
29728
29742
29761
29769
29774
29796
29802
29806
29817
29825
29848
29855
29867
29872
29875
29880
29886
29887
29889
29896
29903
29914
29919
29928
29936
29942
29948
29951
29955
29958
29960
29964
29981
29987
29992
29995
29998
30002
30009
30014
30017
30022
30025
30028
30030
30037
30040
30048
30053
30060
30071
30080
30086
30091
30096
30099
30109
30112
30115
30117
30120
30138
30144
30147
30151
30154
30166
30172
30175
30177
30186
30190
30229
30232
30239
30255
30259
30264
30268
30271
30277
30284
30311
30318
30323
30326
30329
30333
30342
30347
30354
30359
30372
30373
30375
30378
30383
30396
30406
30411
30419
30431
30441
30443
30444
30446
30453
30465
30473
30480
30485
30493
30500
30505
30510
30513
30519
30520
30523
30530
30539
30545
30558
30563
30566
30581
30584
30588
30591
30599
30613
30630
30638
30642
30652
30658
30660
30665
30668
30671
30673
30677
30680
30687
30695
30713
30723
30726
30733
30763
30773
30775
30778
30781
30785
30795
30801
30810
30818
30822
30831
30838
30847
30850
30853
30855
30862
30869
30884
30891
30896
30905
30910
30923
30926
30928
30930
30938
30945
30951
30956
30959
30962
30968
30974
30979
30984
30998
31006
31012
31025
31030
31046
31054
31058
31065
31083
31089
31097
31107
31116
31119
31122
31125
31127
31131
31142
31160
31165
31170
31175
31180
31185
31189
31193
31194
31200
31204
31210
31215
31221
31247
31250
31254
31257
31259
31261
31262
31263
31288
31297
31301
31310
31313
31317
31323
31326
31329
31337
31339
31346
31354
31368
31375
31385
31390
31399
31402
31410
31413
31428
31430
31434
31436
31448
31469
31473
31484
31488
31497
31504
31506
31511
31516
31537
31542
31550
31555
31562
31571
31576
31579
31581
31592
31599
31609
31611
31613
31616
31623
31628
31631
31636
31639
31644
31647
31648
31650
31652
31653
31655
31667
31673
31679
31684
31690
31694
31700
31711
31715
31718
31720
31723
31726
31729
31739
31745
31754
31760
31766
31769
31774
31781
31805
31806
31807
31821
31836
31842
31859
31866
31869
31872
31875
31877
31879
31882
31893
31900
31906
31919
31934
31942
31949
31951
31954
31963
31970
31977
31984
31991
31998
32007
32010
32014
32017
32021
32023
32054
32061
32073
32078
32083
32095
32100
32104
32109
32110
32138
32148
32152
32157
32169
32176
32182
32188
32191
32195
32236
32245
32253
32265
32270
32273
32276
32281
32282
32287
32300
32306
32311
32313
32322
32329
32332
32345
32356
32363
32377
32380
32384
32392
32399
32406
32410
32416
32417
32419
32421
32434
32448
32454
32457
32463
32471
32476
32483
32502
32505
32507
32509
32512
32528
32533
32536
32539
32544
32548
32553
32556
32559
32567
32572
32575
32582
32594
32606
32610
32614
32617
32630
32640
32643
32644
32647
32651
32655
32661
32676
32684
32705
32709
32712
32714
32716
32717
32730
32741
32744
32749
32755
32760
32766
32774
32781
32783
32785
32786
32788
32791
32797
32803
32812
32814
32816
32820
32823
32827
32832
32835
32840
32845
32851
32853
32855
32861
32864
32870
32877
32889
32900
32909
32916
32923
32925
32926
32929
32931
32933
32945
32952
32962
32967
32972
32980
32985
32989
32994
33003
33015
33016
33030
33047
33057
33060
33074
33077
33081
33082
33084
33086
33088
33120
33127
33131
33142
33146
33148
33153
33155
33156
33159
33166
33172
33182
33184
33188
33202
33207
33209
33212
33215
33216
33217
33219
33220
33229
33243
33253
33256
33259
33267
33270
33273
33276
33284
33313
33316
33333
33339
33342
33344
33345
33347
33367
33374
33392
33397
33407
33411
33414
33416
33419
33426
33433
33446
33452
33459
33483
33488
33493
33496
33509
33523
33530
33536
33539
33545
33560
33563
33566
33569
33576
33578
33580
33581
33583
33591
33598
33606
33614
33617
33621
33633
33640
33645
33650
33655
33670
33676
33681
33684
33687
33699
33704
33707
33713
33721
33722
33727
33732
33739
33746
33751
33756
33759
33762
33776
33780
33783
33787
33791
33795
33798
33801
33806
33812
33819
33825
33827
33830
33835
33847
33852
33858
33860
33863
33866
33884
33890
33909
33914
33917
33920
33927
33931
33935
33940
33958
33961
33979
33989
33993
33994
33998
33999
34004
34014
34026
34032
34040
34043
34049
34057
34064
34066
34067
34070
34077
34090
34096
34099
34106
34118
34125
34131
34132
34133
34135
34141
34148
34162
34166
34170
34174
34182
34185
34193
34195
34198
34202
34203
34204
34207
34210
34214
34222
34245
34330
34334
34342
34346
34351
34356
34360
34362
34393
34404
34417
34425
34432
34437
34457
34467
34478
34482
34486
34493
34496
34499
34502
34506
34515
34523
34531
34538
34546
34592
34613
34616
34631
34667
34675
34680
34692
34703
34708
34737
34746
34753
34776
34788
34791
34795
34802
34806
34814
34820
34824
34827
34836
34839
34847
34874
34878
34893
34899
34903
34922
34926
34929
34932
34935
34938
34956
34960
34962
34966
34969
34976
35003
35014
35028
35042
35045
35062
35068
35088
35092
35093
35098
35113
35118
35121
35126
35130
35149
35181
35185
35188
35191
35194
35196
35199
35202
35206
35213
35221
35231
35241
35250
35254
35257
35264
35268
35272
35282
35285
35292
35299
35336
35360
35364
35366
35369
35375
35381
35394
35401
35409
35413
35416
35423
35426
35430
35435
35441
35449
35457
35475
35479
35482
35497
35500
35504
35508
35514
35518
35563
35584
35591
35601
35613
35623
35625
35628
35632
35633
35635
35642
35649
35656
35671
35674
35679
35686
35689
35695
35704
35709
35723
35736
35749
35767
35776
35782
35789
35795
35799
35802
35807
35811
35892
35917
35936
35951
35966
35975
35981
35996
36000
36004
36008
36014
36017
36021
36023
36030
36048
36064
36086
36089
36096
36107
36110
36121
36135
36145
36155
36160
36166
36179
36182
36204
36207
36209
36211
36216
36223
36234
36250
36253
36270
36274
36288
36291
36300
36305
36307
36309
36333
36340
36344
36352
36362
36368
36372
36376
36380
36390
36395
36397
36402
36409
36429
36438
36441
36448
36464
36468
36477
36481
36483
36486
36494
36508
36519
36523
36526
36531
36534
36544
36549
36553
36558
36568
36579
36595
36609
36613
36619
36623
36635
36638
36649
36652
36672
36677
36681
36684
36691
36695
36698
36702
36713
36721
36727
36732
36753
36762
36771
36775
36783
36786
36789
36795
36797
36802
36820
36824
36832
36834
36844
36846
36849
36854
36858
36866
36871
36877
36886
36893
36901
36912
36928
36932
36934
36939
36942
36945
36956
36966
36970
36984
36995
37005
37011
37017
37027
37034
37060
37081
37094
37097
37105
37112
37118
37125
37140
37182
37186
37191
37195
37207
37211
37216
37226
37230
37235
37239
37242
37254
37268
37276
37279
37286
37293
37311
37320
37330
37340
37362
37382
37388
37400
37418
37427
37431
37442
37449
37452
37477
37482
37486
37489
37497
37501
37505
37510
37519
37523
37531
37536
37546
37549
37577
37590
37600
37616
37620
37626
37630
37633
37636
37640
37643
37647
37657
37671
37679
37686
37689
37693
37703
37715
37729
37737
37740
37749
37756
37782
37787
37806
37811
37817
37825
37830
37838
37843
37850
37874
37892
37907
37913
37924
37929
37934
37937
37940
37949
37968
37973
37979
37990
37998
38001
38008
38012
38017
38026
38032
38035
38041
38070
38075
38079
38084
38090
38094
38101
38109
38113
38121
38124
38127
38133
38143
38156
38164
38169
38173
38176
38189
38196
38200
38205
38210
38220
38223
38226
38229
38239
38245
38254
38280
38283
38301
38305
38330
38338
38348
38355
38373
38377
38380
38387
38400
38411
38415
38419
38425
38430
38433
38447
38468
38473
38485
38490
38500
38507
38519
38528
38537
38541
38559
38567
38573
38596
38601
38604
38616
38625
38633
38647
38653
38671
38686
38694
38697
38706
38710
38714
38723
38726
38763
38769
38774
38778
38784
38790
38794
38799
38805
38815
38818
38821
38824
38828
38845
38853
38864
38868
38871
38876
38880
38892
38899
38905
38912
38927
38931
38935
38939
38959
38965
38970
38989
39000
39003
39013
39017
39034
39050
39064
39074
39084
39096
39114
39120
39123
39129
39133
39139
39163
39175
39180
39195
39204
39210
39237
39241
39268
39281
39286
39291
39307
39320
39333
39336
39340
39344
39358
39383
39387
39395
39400
39408
39417
39421
39433
39450
39469
39475
39483
39489
39493
39506
39509
39514
39609
39619
39627
39634
39640
39649
39657
39667
39671
39679
39690
39693
39697
39705
39709
39719
39731
39745
39749
39770
39784
39790
39800
39804
39808
39822
39826
39831
39839
39858
39863
39875
39879
39898
39914
39918
39927
39930
39934
39951
39960
39972
39977
39986
39994
39999
40006
40010
40014
40019
40028
40033
40043
40049
40054
40072
40075
40084
40089
40094
40098
40104
40105
40110
40114
40125
40131
40135
40148
40165
40169
40174
40177
40181
40185
40190
40191
40198
40202
40218
40234
40236
40244
40273
40277
40289
40297
40300
40303
40306
40310
40322
40330
40339
40357
40370
40377
40382
40387
40391
40393
40402
40410
40416
40425
40431
40436
40440
40445
40449
40457
40463
40467
40473
40481
40483
40487
40505
40508
40546
40555
40558
40566
40589
40592
40599
40603
40608
40613
40620
40629
40633
40636
40639
40644
40648
40653
40665
40668
40670
40679
40685
40689
40694
40713
40723
40726
40737
40751
40757
40778
40782
40786
40795
40799
40802
40807
40822
40833
40836
40843
40855
40864
40868
40872
40880
40887
40891
40923
40929
40936
40948
40952
40963
40970
40974
40977
40981
40985
40988
40996
41008
41016
41020
41023
41032
41040
41048
41052
41056
41068
41072
41090
41096
41118
41124
41135
41140
41147
41152
41156
41169
41174
41177
41183
41203
41207
41225
41242
41246
41249
41254
41257
41265
41269
41275
41282
41288
41293
41299
41303
41310
41316
41334
41337
41342
41349
41358
41369
41375
41380
41394
41395
41411
41415
41422
41427
41446
41450
41457
41461
41468
41481
41487
41495
41499
41509
41521
41527
41543
41550
41559
41566
41591
41599
41604
41611
41625
41634
41638
41643
41647
41652
41658
41673
41694
41696
41700
41714
41718
41721
41734
41740
41745
41756
41761
41765
41786
41790
41797
41806
41810
41816
41828
41836
41856
41861
41867
41871
41879
41881
41902
41914
41923
41937
41943
41958
41965
41970
41974
41982
41990
42003
42018
42029
42039
42045
42053
42064
42068
42074
42083
42096
42104
42108
42121
42129
42132
42135
42140
42144
42150
42157
42163
42170
42182
42186
42220
42238
42252
42264
42270
42283
42295
42302
42309
42313
42320
42325
42332
42348
42354
42359
42364
42372
42384
42390
42393
42397
42403
42408
42412
42414
42418
42431
42434
42436
42439
42444
42451
42460
42482
42485
42490
42499
42506
42514
42518
42521
42526
42535
42554
42564
42567
42572
42577
42580
42584
42603
42607
42612
42618
42622
42627
42634
42644
42656
42665
42677
42696
42708
42721
42727
42731
42734
42743
42763
42769
42774
42805
42808
42814
42817
42821
42827
42841
42888
42894
42904
42908
42910
42915
42929
42935
42939
42945
42957
42964
42968
42972
42982
42989
42992
43005
43011
43019
43031
43035
43047
43057
43096
43099
43104
43107
43110
43132
43141
43151
43161
43165
43169
43173
43189
43206
43218
43222
43229
43244
43266
43269
43277
43281
43287
43305
43313
43320
43331
43338
43342
43348
43354
43359
43362
43365
43368
43372
43374
43378
43384
43393
43397
43404
43411
43416
43424
43428
43437
43441
43449
43452
43458
43462
43467
43474
43483
43502
43520
43531
43535
43538
43542
43553
43556
43559
43564
43582
43586
43589
43598
43602
43610
43615
43631
43635
43647
43664
43678
43691
43697
43708
43713
43722
43730
43736
43740
43744
43747
43751
43754
43761
43777
43790
43792
43795
43803
43819
43823
43827
43831
43835
43838
43846
43851
43856
43861
43865
43872
43884
43888
43894
43900
43904
43909
43913
43919
43923
43934
43939
43944
43951
43953
43963
43973
43976
43990
44006
44013
44017
44039
44043
44049
44055
44058
44062
44075
44080
44086
44090
44094
44098
44101
44109
44112
44139
44145
44149
44159
44167
44172
44173
44180
44195
44207
44212
44265
44273
44277
44282
44287
44290
44294
44317
44321
44326
44333
44350
44364
44368
44375
44383
44386
44389
44395
44411
44414
44418
44423
44435
44440
44448
44461
44466
44469
44475
44478
44497
44511
44524
44531
44542
44546
44553
44556
44560
44568
44571
44574
44580
44597
44599
44606
44609
44613
44626
44630
44639
44649
44670
44679
44681
44688
44691
44698
44703
44713
44717
44725
44730
44733
44747
44750
44754
44772
44775
44784
44789
44801
44812
44817
44823
44827
44832
44837
44842
44845
44852
44856
44863
44871
44875
44878
44882
44888
44900
44904
44909
44911
44918
44929
44934
44943
44950
44956
44965
44982
44985
45001
45009
45010
45015
45019
45034
45046
45055
45062
45073
45079
45096
45102
45106
45111
45118
45125
45142
45150
45169
45172
45180
45190
45198
45203
45216
45221
45224
45227
45245
45253
45258
45261
45266
45273
45281
45293
45317
45320
45323
45328
45334
45340
45353
45358
45370
45375
45385
45389
45392
45400
45404
45408
45411
45415
45435
45449
45457
45461
45466
45475
45480
45484
45487
45492
45496
45502
45507
45516
45531
45540
45575
45583
45587
45593
45596
45599
45603
45608
45625
45639
45645
45649
45657
45664
45669
45686
45693
45695
45700
45706
45714
45718
45721
45726
45730
45741
45744
45755
45759
45762
45766
45770
45773
45788
45809
45812
45820
45824
45832
45837
45843
45854
45862
45874
45878
45884
45891
45895
45902
45909
45914
45919
45920
45930
45940
45948
45952
45961
45978
45989
45996
46005
46011
46018
46024
46028
46045
46071
46090
46103
46112
46116
46120
46138
46142
46149
46157
46163
46167
46176
46184
46190
46211
46215
46218
46222
46229
46231
46235
46250
46252
46255
46260
46268
46274
46282
46290
46301
46341
46347
46368
46375
46378
46380
46383
46394
46402
46421
46427
46435
46446
46448
46452
46459
46467
46483
46487
46491
46496
46570
46584
46590
46599
46610
46613
46638
46639
46671
46682
46687
46703
46710
46714
46717
46733
46753
46757
46763
46770
46773
46780
46784
46792
46800
46825
46830
46855
46859
46877
46887
46895
46899
46905
46922
46925
46930
46936
46946
46951
46958
46974
46985
46996
46999
47003
47006
47010
47013
47018
47028
47030
47034
47040
47046
47054
47057
47059
47066
47073
47084
47096
47100
47101
47128
47142
47146
47149
47153
47162
47170
47175
47179
47185
47195
47201
47203
47225
47242
47245
47251
47257
47268
47270
47272
47276
47293
47299
47306
47310
47314
47324
47358
47369
47377
47383
47401
47409
47428
47429
47434
47458
47466
47470
47473
47481
47498
47499
47502
47506
47512
47521
47530
47534
47537
47543
47547
47550
47554
47561
47567
47577
47590
47593
47600
47611
47615
47622
47627
47630
47640
47662
47669
47702
47706
47710
47729
47730
47733
47736
47740
47755
47759
47771
47783
47785
47794
47801
47807
47809
47817
47826
47828
47835
47837
47841
47848
47850
47855
47862
47868
47873
47882
47889
47893
47898
47902
47906
47912
47914
47916
47928
47932
47936
47938
47941
47961
47964
47968
47973
47978
47981
47990
48000
48003
48005
48032
48037
48042
48045
48052
48057
48065
48069
48084
48097
48100
48112
48114
48121
48133
48139
48143
48158
48161
48168
48173
48181
48184
48185
48192
48202
48206
48207
48219
48226
48248
48251
48257
48261
48266
48270
48374
48375
48379
48382
48386
48401
48409
48420
48427
48451
48455
48465
48480
48487
48493
48497
48499
48505
48510
48532
48537
48543
48564
48569
48572
48579
48585
48598
48605
48616
48624
48628
48644
48648
48655
48663
48667
48671
48675
48690
48696
48711
48721
48736
48740
48744
48753
48758
48766
48769
48771
48775
48782
48790
48795
48802
48806
48816
48821
48825
48828
48831
48850
48854
48858
48863
48881
48884
48898
48902
48912
48927
48929
48933
48944
48952
48957
48960
48970
48974
48991
48995
49009
49040
49046
49053
49057
49061
49068
49073
49078
49082
49088
49098
49146
49147
49150
49167
49204
49234
49239
49242
49261
49268
49275
49285
49293
49301
49312
49317
49326
49334
49340
49349
49378
49382
49404
49410
49414
49419
49429
49433
49449
49454
49459
49474
49484
49490
49496
49512
49525
49530
49535
49543
49554
49558
53092
53692
53701
53704
53708
53723
53746
53751
53780
53789
53793
53808
53812
53816
53824
53837
53841
53849
53853
53859
53863
53872
53874
53883
53892
54469
58334
58370
58373
58381
58385
58399
58404
58406
58412
58417
58420
58421
58427
58448
58467
58471
58478
58480
58489
58495
58499
58504
58509
58514
58530
58538
58543
58548
58556
58559
58563
58566
58571
58576
58580
58583
58586
58592
58602
58609
58629
58634
58648
58663
58665
58677
58684
58688
58691
58695
58701
58726
58750
58753
58758
58763
58768
58778
58788
58812
58819
58836
58840
58849
58853
58860
58877
58886
58892
58915
58929
58936
58942
58949
58957
58959
58964
58975
58995
59004
59010
59019
59024
59031
59032
59036
59040
59046
59051
59054
59066
59091
59101
59111
59112
59117
59130
59133
59138
59146
59180
59184
59189
59194
59204
59210
59215
59218
59220
59224
59227
59228
59233
59269
59274
59279
59284
59289
59293
59299
59304
59305
59307
59311
59318
59333
59339
59345
59350
59353
59356
59372
59378
59381
59384
59386
59392
59398
59421
59426
59434
59437
59454
59459
59461
59465
59471
59483
59492
59505
59509
59511
59514
59517
59525
59531
59534
59544
59550
59566
59574
59581
59584
59591
59616
59620
59624
59625
59637
59647
59655
59664
59671
59675
59682
59683
59702
59706
59709
59710
59713
59718
59748
59753
59761
59764
59768
59771
59776
59777
59781
59783
59790
59793
59798
59802
59804
59808
59815
59826
59845
59849
59851
59856
59861
59862
59876
59878
59890
59917
59921
59924
59928
59930
59937
59943
59948
59951
59964
59988
59995
60006
60010
60017
60020
60032
60036
60038
60052
60069
60084
60092
60096
60099
60102
60113
60117
60123
60126
60130
60156
60167
60174
60177
60182
60183
60188
60193
60302
60460
60480
60494
60501
60552
60567
60569
60588
60594
60599
60631
60636
60641
60655
60665
60709
60724
60752
60769
60775
60786
60793
60801
60807
60840
60850
60858
60863
60871
60882
60891
60915
60920
60939
60952
60956
60963
60965
60966
60970
61001
61008
61025
61029
61035
61037
61046
61048
61054
61066
61149
61164
61176
61186
61193
61204
61208
61242
61248
61250
61256
61260
61263
61268
61283
61289
61295
61306
61326
61349
61375
61389
61399
61411
61427
61437
61442
61471
61475
61480
61487
61490
61499
61507
61537
61566
61573
61574
61630
61633
61653
61658
61665
61672
61698
61706
61723
61726
61738
61744
61746
61754
61772
61778
61786
61791
61795
61812
61832
61838
61845
61860
61865
61872
61884
61889
61893
61910
61926
61951
61987
61993
61995
62004
62010
62016
62035
62043
62079
62086
62090
62104
62110
62122
62186
62194
62204
62212
62226
62229
62239
62242
62247
62255
62263
62283
62289
62293
62297
62310
62322
62329
62335
62339
62343
62350
62359
62366
62372
62380
62394
62412
62417
62428
62433
62442
62450
62454
62477
62480
62485
62491
62498
62511
62530
62542
62548
62557
62572
62587
62591
62601
62604
62608
62614
62622
62638
62649
62664
62669
62686
62697
62701
62718
62730
62737
62745
62765
62773
62788
62792
62797
62809
62821
62827
62829
62839
62847
62858
62879
62887
62899
62903
62909
62940
62943
62961
62968
62973
62976
62983
62991
63010
63021
63034
63062
63068
63074
63081
63093
63104
63107
63113
63147
63158
63162
63167
63174
63177
63187
63192
63220
63233
63244
63256
63264
63272
63282
63293
63296
63326
63337
63344
63365
63374
63386
63405
63416
63433
63438
63442
63449
63460
63478
63491
63510
63519
63522
63526
63531
63548
63557
63572
63577
63593
63614
63624
63631
63638
63643
63657
63666
63678
63682
63693
63708
63712
63737
63755
63761
63766
63771
63775
63780
63800
63805
63820
63844
63858
63872
63877
63881
63886
63890
63905
63913
63921
63934
63935
63936
63940
63951
63961
63976
63980
63986
63989
64004
64009
64013
64040
64046
64048
64052
64058
64076
64087
64097
64118
64129
64131
64146
64154
64171
64178
64202
64241
64248
64261
64266
64270
64273
64292
64298
64326
64332
64342
64353
64359
64369
64381
64385
64389
64393
64427
64453
64462
64467
64480
64485
64494
64499
64512
64532
64557
64575
64592
64599
64608
64615
64626
64628
64641
64660
64669
64672
64678
64686
64720
64726
64735
64741
64752
64793
64807
64825
64834
64843
64854
64864
64885
64888
64896
64903
64912
64916
64920
64926
64930
64938
64941
64948
64982
65000
65016
65034
65043
65048
65051
65067
65074
65079
65083
65087
65093
65106
65119
65138
65149
65155
65158
65167
65174
65177
65186
65190
65199
65203
65210
65212
65224
65246
65257
65265
65277
65284
65298
65306
65319
65344
65371
65381
65393
65405
65408
65415
65445
65449
65460
65466
65473
65479
65501
65508
65514
65523
65526
65531
65544
65563
65570
65575
65581
65585
65592
65612
65635
65644
65665
65733
65765
65773
65779
65793
65799
65809
65820
65829
65834
65840
65861
65870
65883
65898
65902
65907
65914
65921
65938
65948
65966
65988
65996
66002
66020
66025
66032
66038
66047
66054
66124
66142
66151
66160
66164
66170
66173
66178
66185
66196
66201
66212
66223
66259
66265
66276
66280
66290
66295
66299
66303
66310
66331
66351
66365
66372
66390
66395
66397
66401
66417
66435
66439
66450
66469
66502
66508
66514
66517
66525
66532
66537
66551
66555
66557
66559
66569
66577
66604
66613
66621
66628
66649
66651
66657
66674
66678
66683
66707
66741
66769
66796
66831
66867
66881
66901
66923
66931
66937
66942
66962
66993
67003
67007
67011
67017
67033
67037
67042
67050
67055
67056
67059
67069
67102
67138
67141
67146
67168
67170
67199
67216
67235
67250
67264
67267
67274
67278
67285
67290
67295
67327
67331
67336
67365
67370
67374
67380
67389
67393
67398
67404
67415
67425
67428
67439
67457
67462
67481
67493
67501
67519
67525
67536
67548
67556
67561
67566
67573
67577
67581
67594
67622
67628
67635
67645
67652
67657
67676
67679
67688
67693
67697
67709
67711
67714
67721
67737
67744
67758
67764
67771
67776
67783
67794
67801
67806
67811
67815
67818
67857
67870
67876
67881
67892
67899
67912
67928
67930
67940
67970
67983
67995
67998
68014
68016
68023
68026
68039
68047
68058
68067
68076
68084
68094
68099
68101
68112
68118
68121
68148
68159
68187
68195
68207
68219
68235
68240
68243
68247
68250
68255
68267
68272
68282
68295
68305
68318
68324
68335
68341
68351
68354
68358
68361
68370
68376
68385
68390
68392
68396
68401
68421
68439
68460
68466
68479
68483
68488
68491
68499
68510
68516
68545
68554
68566
68581
68588
68592
68603
68607
68615
68618
68621
68633
68638
68645
68654
68672
68679
68684
68689
68704
68709
68715
68717
68723
68735
68740
68744
68757
68761
68765
68772
68779
68822
68835
68845
68852
68856
68860
68864
68869
68877
68907
68912
68917
68927
68931
68935
68946
68951
68954
68959
68962
68965
68978
68997
69007
69015
69027
69038
69046
69067
69071
69076
69082
69091
69106
69127
69132
69148
69158
69170
69176
69180
69185
69194
69206
69207
69209
69213
69213
69219
69219
69248
69248
69272
69272
69284
69284
69290
69293
69297
69307
69312
69317
69323
69329
69332
69334
69344
69353
69364
69372
69385
69390
69395
69403
69413
69430
69434
69440
69444
69447
69511
69526
69535
69540
69544
69590
69595
69603
69609
69623
69649
69657
69665
69671
69682
69685
69693
69703
69707
69720
69733
69738
69740
69744
69749
69765
69780
69792
69798
69808
69814
69818
69823
69826
69837
69848
69864
69874
69882
69887
69916
69923
69930
69943
69948
69951
69982
70008
70018
70032
70037
70049
70064
70067
70151
70154
70168
70170
70179
70187
70190
70229
70237
70252
70258
70269
70280
70289
70295
70298
70300
70304
70334
70343
70376
70397
70401
70409
70419
70435
70441
70447
70454
70504
70517
70522
70527
70543
70562
70574
70590
70598
70609
70628
70637
70650
70661
70666
70680
70691
70696
70708
70712
70730
70744
70753
70762
70781
70790
70798
70827
70829
70837
70866
70892
70925
70934
70942
70962
70975
70984
70991
71000
71004
71017
71022
71027
71112
71130
71137
71156
71167
71176
71188
71194
71217
71221
71240
71273
71284
71288
71296
71322
71340
71357
71372
71378
71382
71389
71398
71398
71402
71402
71408
71408
71412
71412
71463
71463
71514
71514
71519
71519