7178
7179
7180
7181
7182
7183
7184
7185
7186
7187
7188
7189
7190
7191
7193
7194
7195
7196
7197
7198
7200
7201
7202
7203
7205
7206
7207
7216
7217
7218
7219
7220
7221
7222
7224
7225
7226
7227
7228
7229
7230
7231
7234
7235
7236
7238
7239
7240
7241
7244
7246
7247
7249
7255
7256
7257
7258
7277
7280
7283
7285
7297
7298
7300
7304
7306
7309
7311
7313
7316
7319
7320
7321
7322
7328
7341
7342
7345
7348
7350
7353
7354
7356
7376
7377
7378
7379
7388
7389
7391
7392
7393
7394
7403
7405
7408
7410
7412
7418
7420
7421
7422
7423
7424
7425
7426
7427
7446
7472
7474
7476
7479
7481
7485
7487
7488
7489
7490
7491
7492
7493
7495
7497
7498
7501
7504
7506
7510
7511
7512
7513
7514
7515
7516
7518
7520
7522
7524
7525
7527
7530
7532
7536
7538
7539
7540
7542
7548
7551
7554
7558
7559
7561
7563
7565
7566
7567
7568
7569
7570
7571
7573
7576
7577
7580
7583
7588
7589
7590
7591
7592
7593
7594
7595
7597
7600
7602
7604
7607
7613
7615
7617
7619
7621
7622
7623
7625
7626
7627
7629
7632
7633
7638
7646
7648
7649
7650
7651
7652
7653
7654
7659
7661
7664
7666
7669
7671
7672
7673
7674
7675
7676
7677
7680
7682
7686
7689
7693
7699
7701
7702
7703
7704
7705
7706
7707
7708
7709
7712
7715
7716
7718
7722
7725
7727
7728
7730
7731
7732
7736
7738
7739
7740
7741
7746
7748
7750
7753
7759
7760
7763
7764
7765
7766
7771
7779
7781
7784
7787
7788
7789
7791
7792
7793
7796
7799
7800
7805
7810
7813
7816
7817
7818
7819
7820
7821
7822
7825
7827
7831
7836
7839
7841
7842
7843
7846
7848
7849
7856
7858
7859
7861
7865
7868
7870
7872
7873
7877
7880
7882
7884
7889
7892
7899
7902
7903
7905
7906
7907
7908
7909
7916
7917
7919
7923
7925
7929
7931
7932
7935
7939
7942
7946
7947
7950
7953
7956
7958
7960
7961
7962
7965
7966
7969
7973
7975
7977
7983
7987
7997
7999
8001
8004
8005
8008
8011
8013
8021
8023
8024
8026
8030
8031
8032
8033
8034
8035
8036
8041
8043
8046
8048
8051
8054
8056
8057
8058
8060
8061
8067
8077
8079
8081
8082
8088
8089
8090
8091
8097
8099
8102
8104
8108
8111
8112
8113
8117
8118
8121
8126
8130
8135
8136
8137
8138
8139
8140
8141
8142
8145
8148
8149
8151
8153
8161
8164
8166
8168
8169
8170
8173
8176
8182
8190
8192
8193
8194
8196
8198
8199
8200
8201
8205
8207
8210
8212
8215
8219
8221
8222
8225
8230
8233
8239
8242
8246
8249
8251
8252
8253
8254
8256
8258
8259
8263
8266
8279
8280
8282
8284
8287
8288
8290
8291
8294
8296
8300
8302
8310
8311
8314
8316
8321
8323
8326
8329
8332
8335
8336
8337
8338
8339
8340
8343
8345
8348
8349
8352
8357
8362
8365
8367
8375
8376
8379
8386
8388
8389
8390
8391
8393
8398
8406
8411
8415
8417
8418
8420
8421
8422
8423
8430
8432
8433
8435
8439
8441
8444
8446
8447
8448
8451
8453
8456
8460
8464
8471
8474
8475
8481
8485
8486
8490
8493
8500
8504
8506
8507
8508
8509
8512
8513
8518
8519
8522
8526
8533
8536
8537
8538
8541
8551
8554
8555
8556
8558
8562
8565
8570
8575
8580
8582
8583
8587
8588
8590
8592
8594
8602
8607
8608
8609
8611
8615
8616
8623
8626
8628
8630
8631
8633
8634
8635
8636
8640
8646
8650
8651
8652
8654
8655
8658
8659
8660
8661
8666
8668
8669
8671
8675
8705
8707
8711
8713
8716
8717
8718
8723
8729
8730
8731
8734
8735
8737
8739
8741
8743
8744
8746
8755
8757
8758
8760
8761
8762
8763
8764
8765
8770
8783
8786
8791
8794
8797
8800
8802
8809
8818
8822
8832
8836
8837
8838
8844
8846
8849
8862
8863
8864
8869
8870
8874
8878
8881
8883
8886
8891
8895
8897
8901
8902
8904
8908
8909
8911
8913
8919
8921
8922
8923
8924
8925
8926
8927
8940
8945
8946
8949
8951
8952
8955
8956
8957
8964
8969
8972
8979
8981
8985
8986
8995
9001
9005
9006
9011
9012
9020
9023
9024
9038
9049
9052
9056
9067
9069
9078
9079
9081
9082
9083
9084
9086
9087
9089
9091
9093
9095
9098
9110
9112
9113
9116
9122
9126
9129
9131
9139
9140
9144
9155
9157
9160
9162
9163
9168
9173
9175
9177
9199
9209
9217
9219
9221
9223
9224
9225
9229
9235
9237
9248
9250
9255
9257
9259
9260
9262
9268
9270
9281
9282
9283
9284
9288
9303
9304
9306
9315
9316
9321
9322
9323
9325
9326
9327
9328
9330
9332
9334
9337
9345
9348
9350
9351
9353
9355
9365
9372
9376
9379
9381
9382
9383
9384
9390
9392
9393
9395
9403
9405
9415
9418
9419
9422
9424
9426
9427
9432
9434
9438
9441
9443
9445
9448
9450
9453
9456
9459
9463
9471
9475
9483
9485
9488
9489
9496
9499
9517
9519
9520
9524
9528
9539
9543
9551
9553
9555
9556
9562
9570
9574
9576
9580
9582
9585
9588
9591
9595
9598
9605
9607
9615
9620
9621
9623
9630
9638
9643
9648
9654
9656
9662
9665
9668
9669
9674
9677
9681
9686
9687
9690
9695
9701
9705
9713
9729
9733
9737
9742
9747
9751
9759
9760
9763
9765
9769
9773
9781
9782
9785
9786
9787
9789
9792
9800
9808
9812
9817
9819
9821
9825
9840
9846
9858
9860
9874
9879
9886
9893
9894
9916
9936
9946
9951
9953
9957
9962
9969
9970
9981
9994
9996
10002
10004
10006
10008
10013
10015
10018
10023
10025
10030
10032
10034
10047
10056
10060
10064
10065
10071
10075
10082
10086
10090
10093
10095
10096
10098
10106
10111
10116
10122
10133
10136
10145
10147
10154
10156
10161
10178
10180
10198
10207
10213
10214
10225
10228
10238
10245
10248
10255
10261
10264
10272
10276
10292
10316
10325
10327
10330
10333
10349
10353
10354
10360
10363
10365
10369
10371
10381
10386
10389
10393
10400
10415
10423
10427
10428
10430
10434
10451
10456
10459
10469
10472
10474
10476
10484
10490
10498
10499
10504
10505
10509
10510
10515
10518
10527
10531
10536
10539
10540
10544
10545
10546
10558
10564
10571
10572
10577
10580
10581
10591
10604
10621
10635
10640
10641
10644
10647
10677
10678
10683
10684
10685
10688
10689
10693
10696
10697
10719
10722
10725
10729
10733
10736
10743
10753
10763
10772
10782
10788
10791
10795
10824
10826
10827
10832
10836
10837
10845
10848
10850
10863
10874
10877
10880
10885
10894
10897
10909
10914
10919
10925
10947
10950
10956
10965
10967
10972
10980
10993
10999
11007
11009
11012
11021
11025
11027
11033
11034
11041
11042
11054
11059
11065
11067
11073
11077
11094
11097
11104
11105
11111
11115
11121
11124
11129
11132
11141
11144
11160
11161
11162
11181
11188
11201
11205
11207
11209
11211
11226
11228
11234
11252
11261
11284
11288
11295
11296
11301
11303
11308
11312
11323
11324
11326
11327
11329
11338
11355
11369
11370
11376
11378
11388
11399
11405
11410
11411
11433
11434
11443
11446
11489
11493
11527
11554
11563
11570
11582
11584
11592
11629
11676
11690
11693
11713
11738
11756
11763
11807
11814
11821
11823
11834
11866
11877
11889
11895
11902
11914
11919
11926
11928
11935
11941
11945
11987
11988
11995
12000
12024
12026
12031
12036
12060
12062
12063
12069
12073
12102
12134
12136
12139
12144
12167
12168
12170
12173
12183
12185
12188
12208
12209
12213
12228
12235
12253
12267
12291
12298
12299
12301
12303
12315
12319
12323
12324
12326
12331
12343
12362
12364
12371
12375
12393
12397
12401
12402
12403
12404
12409
12413
12417
12424
12432
12443
12444
12446
12452
12469
12472
12479
12480
12494
12544
12555
12560
12563
12576
12579
12584
12601
12610
12614
12617
12640
12662
12663
12689
12702
12708
12712
12716
12728
12729
12732
12737
12750
12755
12791
12813
12820
12839
12850
12868
12900
12909
12923
12933
12939
12944
12956
12991
12993
12995
12999
13012
13014
13016
13024
13029
13037
13040
13063
13071
13088
13089
13107
13120
13126
13131
13142
13150
13185
13187
13190
13219
13227
13232
13237
13246
13267
13276
13289
13302
13313
13319
13324
13328
13340
13358
13362
13368
13379
13396
13413
13420
13421
13426
13432
13442
13464
13472
13481
13482
13486
13492
13495
13519
13532
13552
13581
13600
13617
13642
13648
13664
13669
13673
13684
13714
13718
13736
13742
13758
13763
13778
13779
13788
13800
13805
13854
13879
13882
13898
13922
13933
14022
14024
14090
14097
14103
14149
14174
14178
14280
14306
14315
14319
14351
14359
14365
14401
14436
14451
14453
14475
14478
14491
14547
14555
14589
14613
14638
14647
14700
14755
14769
14773
14778
14780
14803
14804
14940
14947
14982
15786
15791
15851
15854
15857
15863
15890
15895
15896
15906
15908
15931
15933
15937
15939
15943
15982
15988
15993
15996
16025
16080
16086
16089
16091
16095
16097
16123
16133
16141
16173
16179
16182
16184
16207
16215
16221
16223
16248
16258
16286
16291
16297
16300
16365
16370
16383
16406
16443
16447
16453
16457
16461
16484
16489
16496
16533
16570
16631
16638
16643
16647
16650
16682
16695
16725
16736
16760
16808
16810
16815
16818
16824
16852
16859
16862
16866
16889
16895
16899
16939
16941
16942
16973
16978
16983
17023
17027
17058
17062
17065
17091
17097
17132
17136
17142
17147
17150
17180
17188
17194
17220
17222
17255
17256
17266
17270
17274
17299
17304
17308
17311
17317
17335
17341
17344
17353
17373
17384
17387
17413
17418
17423
17424
17432
17479
17481
17490
17491
17537
17539
17555
17559
17563
17564
17568
17573
17621
17627
17634
17638
17643
17661
17666
17669
17672
17678
17706
17724
17728
17735
17764
17773
17774
17779
17782
17801
17807
17813
17816
17840
17842
17848
17852
17873
17877
17882
17887
17890
17933
17935
17968
17977
17981
17988
18015
18023
18029
18033
18055
18057
18062
18065
18102
18113
18117
18142
18143
18169
18175
18181
18255
18268
18333
18338
18343
18353
18355
18365
18381
18401
18407
18410
18422
18466
18499
18644
18760
18835
18837
18848
18868
18873
18879
18926
18930
19000
19002
19010
19018
19023
19032
19037
19074
19092
19135
19139
19166
19192
19211
19222
19265
19270
19296
19338
19400
19406
19418
19467
19473
19479
19486
19488
19537
19590
19616
19652
19656
19659
19679
19682
19735
19751
19804
19843
19858
19869
19916
19920
19969
19985
19997
20068
20115
20133
20165
20169
20185
20251
20285
20286
20316
20321
20365
20372
20396
20430
20435
20438
20446
20451
20457
20495
20499
20554
20630
20645
20683
20711
20720
20756
20761
20774
20816
20849
20897
20904
20907
20951
20963
20969
20975
21010
21030
21036
21043
21071
21078
21104
21142
21161
21191
21216
21261
21275
21284
21414
21448
21450
21456
21481
21536
21544
21562
21609
21636
21668
21673
21697
21746
21750
21764
21769
21817
21848
21885
21888
21893
21919
21986
21995
22009
22015
22101
22234
22248
22255
22444
22448
22451
22489
22523
22582
22633
22659
22719
22866
23024
23097
23117
23122
23200
23213
23225
23263
23281
23292
23296
23346
23375
23416
23417
23431
23442
23450
23550
23597
23609
23615
23626
23629
23666
23682
23754
23776
23781
23880
23884
23913
24035
24037
24074
24100
24104
24157
24175
24213
24281
24303
24360
24374
24386
24434
24527
24620
24628
24687
24703
24788
24790
24891
24897
24950
24969
24974
25039
25102
25138
25184
25213
25364
25461
25526
25606
25612
25638
25714
25731
25780
25781
25813
25858
25886
25941
25964
25967
26019
26043
26155
26159
26206
26232
26235
26424
26441
26457
26513
26534
26582
26678
26747
26794
26865
26886
26895
26900
27114
27148
27220
27261
27280
27353
27421
27442
27468
27478
27481
27596
27597
27630
27691
27702
27710
27763
27849
27855
27868
27908
27931
27955
28019
28097
28103
28109
28153
28175
28185
28242
28305
28333
28378
28382
28397
28409
28413
28451
28487
28489
28546
28562
28610
28618
28636
28721
28766
28779
28792
28794
28798
28846
28864
28967
28973
29011
29025
29090
29093
29113
29120
29170
29174
29249
29265
29270
29347
29357
29459
29573
29577
29647
29649
29676
29678
29729
29841
29920
29968
30122
30148
30334
30397
30467
30474
30552
30620
30679
30688
30808
30813
30931
30939
31002
31019
31090
31094
31144
31155
31206
31222
31271
31290
31355
31369
31378
31381
31386
31442
31455
31463
31508
31546
31687
31822
31884
31959
31964
31972
31978
31987
31992
32028
32132
32150
32243
32246
32442
32517
32578
32608
32652
32657
32678
32798
32818
32859
32963
33024
33041
33090
33106
33117
33158
33225
33237
33292
33380
33417
33435
33448
33584
33600
33622
33657
33724
33797
33814
33820
33828
33871
34001
34020
34069
34140
34163
34171
34215
34235
34394
34399
34424
34516
34542
34778
34792
34875
34948
34959
35010
35022
35095
35198
35215
35228
35319
35371
35393
35443
35450
35464
35588
35657
35720
35724
35812
35926
35953
35963
36242
36249
36350
36354
36412
36424
36437
36493
36573
36581
36611
36724
36816
36874
36879
36959
37074
37136
37402
37473
37495
37649
37985
38043
38138
38159
38343
38351
38543
38644
38737
38739
38835
38878
39248
39282
39677
39833
39943
40055
40086
40152
40247
40313
40426
40488
40572
40727
40746
40765
40825
40892
41001
41091
41097
41184
41194
41263
41347
41458
41522
41535
41612
41783
41798
41824
41893
41983
42233
42318
42424
42496
42500
42509
42575
42578
42748
42775
42912
43285
43291
43315
43477
43565
43569
43772
43873
43955
44037
44119
44125
44218
44309
44396
44490
44578
44662
44745
44748
44786
44846
45051
45086
45151
45160
45182
45236
45239
45246
45330
45341
45360
45418
45421
45511
45691
45697
45707
45728
45784
45786
45798
45822
45872
45959
45987
46043
46047
46227
46236
46350
46480
46623
46696
46785
46912
46954
47137
47158
47216
47288
47430
47461
47571
47652
47747
47806
47871
48090
48137
48169
48214
48413
48481
48581
48622
48768
48945
49492
54477
58378
58517
58605
58702
58710
58782
58783
58789
58884
58998
59021
59068
59099
59191
59234
59473
59634
59711
59907
59967
60097
60456
60462
60602
60649
60728
60732
60740
60972
60995
61159
61297
61392
61412
61444
61501
61554
61660
61847
61927
61943
62195
62249
62304
62363
62368
62731
62910
63209
63212
63335
63353
63397
63710
63714
63773
63829
63845
64064
64079
64190
64287
64400
64549
64699
64857
64954
65084
65122
65216
65249
65467
65735
65959
66081
66217
66335
66353
66482
66563
66588
66618
66776
66975
67407
67469
67482
67712
67715
67825
68050
68275
68284
68410
68648
68763
68889
69095
69222
69228
69392
69454
69625
69850
70601
70656